eer=0.0074709113821547725
min_dcf_0.01=0.08237645385181021
min_dcf_0.05=0.04612776919520197