eer=0.005795098090838356
min_dcf_0.01=0.060096070198492925
min_dcf_0.05=0.03930019243097008