eer=0.033573796061610525
min_dcf_0.01=0.2971217712425381
min_dcf_0.05=0.18448262900320167