eer=0.036311216163927226
min_dcf_0.01=0.3079933861175873
min_dcf_0.05=0.19412410807653396