eer=0.013927371236303993
min_dcf_0.01=0.1359785135773414
min_dcf_0.05=0.08299395457641107