eer=0.02228581404701973
min_dcf_0.01=0.18426026430247167
min_dcf_0.05=0.11771403414223142