eer=0.01814747122032058
min_dcf_0.01=0.21256956456304818
min_dcf_0.05=0.11870022458053568