eer=0.006692748888956168
min_dcf_0.01=0.0719033247458815
min_dcf_0.05=0.04637052326030029