eer=0.02448415008454338
min_dcf_0.01=0.20203729989448801
min_dcf_0.05=0.12832560363738432