eer=0.027580279969810828
min_dcf_0.01=0.2485395409405515
min_dcf_0.05=0.15758307604148472