eer=0.01845228687401324
min_dcf_0.01=0.1920467210316676
min_dcf_0.05=0.11680676675734494