eer=0.007112282311511828
min_dcf_0.01=0.0777302475264385
min_dcf_0.05=0.04433053803900154