eer=0.026060262271012945
min_dcf_0.01=0.2340191865471518
min_dcf_0.05=0.14528408735334206