eer=0.013053455624407309
min_dcf_0.01=0.12953806866381065
min_dcf_0.05=0.07620415671925196