eer=0.0043596150778801475
min_dcf_0.01=0.04669324071226805
min_dcf_0.05=0.027440504215140236