eer=0.00681821670656359
min_dcf_0.01=0.07425996924997845
min_dcf_0.05=0.04222635383305026