eer=0.00654025395318418
min_dcf_0.01=0.07115542089325953
min_dcf_0.05=0.040867341233445764