eer=0.026210069511971492
min_dcf_0.01=0.20671749517279744
min_dcf_0.05=0.14555561986550053