eer=0.011982373097980253
min_dcf_0.01=0.1283652828094495
min_dcf_0.05=0.07182542329989017