eer=0.020593124492383225
min_dcf_0.01=0.16971679709737422
min_dcf_0.05=0.10736054287514303