eer=0.01753562821342708
min_dcf_0.01=0.18658808040584177
min_dcf_0.05=0.11145939486635069