eer=0.022533166517551093
min_dcf_0.01=0.18369856462962253
min_dcf_0.05=0.11587712440129677