eer=0.031858062000389945
min_dcf_0.01=0.3130506772929121
min_dcf_0.05=0.18300617705463473