eer=0.004732319245446609
min_dcf_0.01=0.04366556749281991
min_dcf_0.05=0.03244147668253598