eer=0.03428666279365705
min_dcf_0.01=0.29932505470278986
min_dcf_0.05=0.19255903146202819