eer=0.02425840034702531
min_dcf_0.01=0.18328111459239269
min_dcf_0.05=0.1404588433121657