eer=0.012751411238528229
min_dcf_0.01=0.13356963621885043
min_dcf_0.05=0.07797455253312444