eer=0.017226799061013567
min_dcf_0.01=0.2136798287435139
min_dcf_0.05=0.11533885074955676