eer=0.012603089789503343
min_dcf_0.01=0.12978148744417195
min_dcf_0.05=0.07449805222756722