eer=0.01722963598296422
min_dcf_0.01=0.22791604991698153
min_dcf_0.05=0.11701367896655437