eer=0.032442971339080515
min_dcf_0.01=0.33230946726058014
min_dcf_0.05=0.1830055122575049