eer=0.013375080097787909
min_dcf_0.01=0.1369848579983457
min_dcf_0.05=0.08122780472997847