eer=0.005263437716949456
min_dcf_0.01=0.06041126602190837
min_dcf_0.05=0.03504382160169793