eer=0.006715622531655835
min_dcf_0.01=0.07495679558558696
min_dcf_0.05=0.04179849919944473