eer=0.03457531203723288
min_dcf_0.01=0.30909291571514474
min_dcf_0.05=0.1983850860277115