eer=0.006977684486962045
min_dcf_0.01=0.07587425863236412
min_dcf_0.05=0.04366141736427489