eer=0.0053707691898705655
min_dcf_0.01=0.06041714476843059
min_dcf_0.05=0.041213378031864936