eer=0.021625437403653743
min_dcf_0.01=0.18135308896867214
min_dcf_0.05=0.11529265312009089