eer=0.02455871066770368
min_dcf_0.01=0.19868413659495315
min_dcf_0.05=0.14030771092856795