eer=0.025689506546204412
min_dcf_0.01=0.21995234152689166
min_dcf_0.05=0.15182222433461992