eer=0.01744421658364972
min_dcf_0.01=0.18907318376796284
min_dcf_0.05=0.1113893958534828