eer=0.023636307301511412
min_dcf_0.01=0.19764997001738552
min_dcf_0.05=0.12768799860334043